1 2 -3.439\n\n
3 2 -4.68559\n\n
0 0 -5.217031\n\n
5 0 -6.5132155990000005\n\n
4 5 -3.439\n\n
1 4 -1.9\n\n
1 3 -2.71\n\n
0 5 0.0\n\n
0 3 -3.439\n\n
1 0 -4.68559\n\n
4 0 -6.12579511\n\n
0 1 -4.68559\n\n
2 5 -1.9\n\n
0 2 -4.0951\n\n
5 5 -4.0951\n\n
1 5 -1.0\n\n
3 4 -3.439\n\n
3 1 -5.217031\n\n
5 2 -inf\n\n
4 4 -4.0951\n\n
2 4 -2.71\n\n
2 0 -5.217031\n\n
4 3 -4.68559\n\n
2 2 -4.0951\n\n
2 3 -3.439\n\n
3 5 -2.71\n\n
4 1 -5.6953279000000006\n\n
1 1 -4.0951\n\n


1 3 -2.71
2 5 -1.9
0 3 -3.439
4 0 -4.68559
1 2 -3.439
5 5 -4.0951
4 4 -4.0951
1 5 -1.0
5 0 -4.68559
2 2 -4.0951
4 1 -4.68559
1 1 -4.0951
3 2 -4.68559
0 0 -4.68559
4 5 -3.439
1 4 -1.9
0 5 0.0
1 0 -4.68559
3 5 -2.71
0 1 -4.68559
5 2 -inf
3 1 -4.68559
0 2 -4.0951
2 0 -4.68559
4 3 -4.68559
2 3 -3.439
3 4 -3.439
2 4 -2.71